#Layer_Color=32768
#
#Feature symbol names
#
$0 r6
$1 r7.874
$2 r3.937
$3 r1.9685
$4 r10

#
#Feature attribute names
#

#
#Layer features
#
A 2.2597244 1.1544094 2.2597244 1.1544094 2.2047244 1.1544094 0 P 0 N
A 2.2597244 1.4566922 2.2597244 1.4566922 2.2047244 1.4566922 0 P 0 N
A 2.2597244 1.7651575 2.2597244 1.7651575 2.2047244 1.7651575 0 P 0 N
A 2.6534252 1.1544094 2.6534252 1.1544094 2.5984252 1.1544094 0 P 0 N
A 2.6534252 1.4566929 2.6534252 1.4566929 2.5984252 1.4566929 0 P 0 N
A 2.6534252 1.7651575 2.6534252 1.7651575 2.5984252 1.7651575 0 P 0 N
L 1.01181 1.31496 1.011812 1.598426 3 P 0
L 1.01181 1.31496 1.350394 1.31496 3 P 0
L 1.011812 1.598426 1.350394 1.598426 3 P 0
L 1.161418 1.456694 1.200788 1.456692 2 P 0
L 1.181102 1.437008 1.181102 1.476378 2 P 0
L 1.287402 1.629922 1.287402 1.913386 3 P 0
L 1.287402 1.629922 1.625984 1.629922 3 P 0
L 1.287402 1.913386 1.625984 1.913386 3 P 0
L 1.31496 1.958662 1.31496 2.293308 3 P 0
L 1.31496 1.958662 1.598426 1.958662 3 P 0
L 1.31496 2.293308 1.598426 2.293306 3 P 0
L 1.350394 1.31496 1.350394 1.598426 3 P 0
L 1.437008 1.771654 1.476378 1.771654 2 P 0
L 1.437008 2.125984 1.476378 2.125984 2 P 0
L 1.456692 1.751968 1.456692 1.791338 2 P 0
L 1.456692 2.1063 1.456694 2.14567 2 P 0
L 1.598426 1.958662 1.598426 2.293306 3 P 0
L 1.608268 2.059056 1.608268 2.192914 3 P 0
L 1.608268 2.059056 1.68307 2.059056 3 P 0
L 1.608268 2.192914 1.68307 2.192914 3 P 0
L 1.625984 1.629922 1.625984 1.913386 3 P 0
L 1.625984 2.125984 1.665354 2.125984 2 P 0
L 1.64567 2.1063 1.64567 2.14567 2 P 0
L 1.68307 2.059056 1.68307 2.192914 3 P 0
L 1.690944 2.072834 1.690944 2.179134 3 P 0
L 1.690944 2.072834 1.75 2.072836 3 P 0
L 1.690944 2.179134 1.75 2.179134 3 P 0
L 1.692914 0.994094 1.692914 1.60433 4 P 0
L 1.692914 0.994094 2.125984 0.994094 4 P 0
L 1.692914 1.60433 2.125984 1.60433 4 P 0
L 1.701772 2.125984 1.739174 2.125984 2 P 0
L 1.720472 2.107284 1.720472 2.144686 2 P 0
L 1.75 2.072836 1.75 2.179134 3 P 0
L 1.7578732 1.954724 1.7578732 2.061024 3 P 0
L 1.7578732 1.954724 1.8169292 1.954724 3 P 0
L 1.7578732 2.061024 1.8169292 2.061024 3 P 0
L 1.757874 2.070984 1.757874 2.180984 3 P 0
L 1.757874 2.070984 1.81693 2.070984 3 P 0
L 1.757874 2.180984 1.81693 2.180984 3 P 0
L 1.7687 2.125984 1.806102 2.125984 2 P 0
L 1.7687012 2.007874 1.8061032 2.007874 2 P 0
L 1.7874012 1.989174 1.7874012 2.026574 2 P 0
L 1.787402 2.107284 1.787402 2.144686 2 P 0
L 1.8169292 1.954724 1.8169292 2.061024 3 P 0
L 1.81693 2.070984 1.81693 2.180984 3 P 0
L 1.860236 1.299212 1.889764 1.299212 4 P 0
L 1.871456 2.154528 1.871456 2.569882 3 P 0
L 1.871456 2.154528 2.678544 2.154528 3 P 0
L 1.871456 2.569882 2.678544 2.569882 3 P 0
L 1.889764 1.269686 1.889764 1.299212 4 P 0
L 1.889764 1.299212 1.889764 1.32874 4 P 0
L 1.889764 1.299212 1.919292 1.299212 4 P 0
L 2.125984 0.994094 2.125984 1.437008 4 P 0
L 2.125984 1.437008 2.125984 1.60433 4 P 0
L 2.221456 2.017716 2.221456 2.076772 3 P 0
L 2.221456 2.017716 2.327756 2.017716 3 P 0
L 2.221456 2.076772 2.327756 2.076772 3 P 0
L 2.226378 2.616142 2.226378 2.675196 3 P 0
L 2.226378 2.616142 2.332678 2.616142 3 P 0
L 2.226378 2.675196 2.332678 2.675196 3 P 0
L 2.255906 2.047244 2.293306 2.047244 2 P 0
L 2.260826 2.64567 2.298228 2.64567 2 P 0
L 2.267716 1.02842 2.267716 1.237082 1 P 0
L 2.267716 1.02842 2.535432 1.02842 1 P 0
L 2.267716 1.237082 2.535432 1.237082 1 P 0
L 2.267716 1.330708 2.267716 1.53937 1 P 0
L 2.267716 1.330708 2.535434 1.330708 1 P 0
L 2.267716 1.53937 2.535434 1.53937 1 P 0
L 2.267716 1.639178 2.267716 1.84784 1 P 0
L 2.267716 1.639178 2.535432 1.639178 1 P 0
L 2.267716 1.84784 2.535432 1.84784 1 P 0
L 2.274606 2.028544 2.274606 2.065944 2 P 0
L 2.279528 2.626968 2.279528 2.66437 2 P 0
L 2.287402 1.931102 2.287402 1.97441 2 P 0
L 2.287402 1.931102 2.38189 1.931102 2 P 0
L 2.287402 1.97441 2.38189 1.97441 2 P 0
L 2.315944 1.952756 2.353346 1.952756 2 P 0
L 2.327756 2.017716 2.327756 2.076772 3 P 0
L 2.332678 2.616142 2.332678 2.675196 3 P 0
L 2.334646 1.934054 2.334646 1.971456 2 P 0
L 2.38189 1.154404 2.42126 1.154404 1 P 0
L 2.38189 1.456692 2.42126 1.456692 1 P 0
L 2.38189 1.765162 2.42126 1.765162 1 P 0
L 2.38189 1.931102 2.38189 1.97441 2 P 0
L 2.401574 1.13472 2.401574 1.17409 1 P 0
L 2.401574 1.437008 2.401576 1.476378 1 P 0
L 2.401574 1.745476 2.401576 1.784846 1 P 0
L 2.535432 1.02842 2.535432 1.237082 1 P 0
L 2.535432 1.639178 2.535432 1.84784 1 P 0
L 2.535434 1.330708 2.535434 1.53937 1 P 0
L 2.678544 2.154528 2.678544 2.569882 3 P 0
L 2.761811 2.3503936 2.7618112 2.1929133 1 P 0
L 2.761811 2.3503936 2.9685039 2.3503936 1 P 0
L 2.7618112 2.1929133 2.9685038 2.1929133 1 P 0
L 2.8503935 2.2716533 2.8897639 2.2716533 1 P 0
L 2.8700784 2.2519686 2.870079 2.2913386 1 P 0
L 2.9251969 1.3031496 2.9251969 1.5708661 1 P 0
L 2.9251969 1.3031496 3.4527559 1.3031496 1 P 0
L 2.9251969 1.5708661 3.4527559 1.5708661 1 P 0
L 2.93307 2.019882 2.933072 2.126182 3 P 0
L 2.93307 2.019882 2.992126 2.019882 3 P 0
L 2.933072 2.126182 2.992126 2.126182 3 P 0
L 2.943898 2.073032 2.9813 2.073032 2 P 0
L 2.9618125 2.811024 2.961813 2.7165349 2 P 0
L 2.9618125 2.811024 3.0051194 2.811023 2 P 0
L 2.961813 2.614172 2.961813 2.7086613 2 P 0
L 2.961813 2.614172 3.0051197 2.6141732 2 P 0
L 2.961813 2.7086613 3.0051205 2.7086614 2 P 0
L 2.961813 2.7165349 3.0051199 2.716535 2 P 0
L 2.962598 2.054332 2.962598 2.091732 2 P 0
L 2.9647656 2.7637791 3.0021669 2.7637788 2 P 0
L 2.964766 2.6614171 3.0021676 2.6614162 2 P 0
L 2.9685038 2.1929133 2.9685039 2.3503936 1 P 0
L 2.9834668 2.7824806 2.9834672 2.7450782 2 P 0
L 2.9834669 2.6801175 2.9834675 2.642716 2 P 0
L 2.992126 2.019882 2.992126 2.126182 3 P 0
L 3.0011832 2.5846453 3.0011837 2.5413385 2 P 0
L 3.0011832 2.5846453 3.0956717 2.5846459 2 P 0
L 3.0011837 2.5413385 3.0956715 2.5413389 2 P 0
L 3.00197 2.058858 3.00197 2.366338 3 P 0
L 3.00197 2.058858 3.407482 2.058858 3 P 0
L 3.00197 2.366338 3.407482 2.366338 3 P 0
L 3.0051194 2.811023 3.0051199 2.716535 2 P 0
L 3.0051197 2.6141732 3.0051205 2.7086614 2 P 0
L 3.0297272 2.5629928 3.0671279 2.5629918 2 P 0
L 3.0484276 2.5442913 3.0484282 2.5816934 2 P 0
L 3.061024 1.885828 3.061024 1.992126 3 P 0
L 3.061024 1.885828 3.120078 1.885826 3 P 0
L 3.061024 1.992126 3.120078 1.992126 3 P 0
L 3.0700808 2.6141733 3.0700815 2.7086612 2 P 0
L 3.0700808 2.6141733 3.1133886 2.6141729 2 P 0
L 3.0700813 2.8385825 3.0700814 2.7440948 2 P 0
L 3.0700813 2.8385825 3.113389 2.8385825 2 P 0
L 3.0700814 2.7440948 3.1133887 2.7440952 2 P 0
L 3.0700815 2.7086612 3.1133889 2.7086611 2 P 0
L 3.07185 1.938976 3.109252 1.938976 2 P 0
L 3.0730342 2.791339 3.1104356 2.7913383 2 P 0
L 3.0730343 2.6614174 3.1104363 2.6614169 2 P 0
L 3.090552 1.920276 3.090552 1.957678 2 P 0
L 3.0917343 2.642716 3.0917345 2.6801182 2 P 0
L 3.0917347 2.7726378 3.0917347 2.8100402 2 P 0
L 3.0956715 2.5413389 3.0956717 2.5846459 2 P 0
L 3.1055139 2.5846455 3.1055145 2.5413389 2 P 0
L 3.1055139 2.5846455 3.2000026 2.5846461 2 P 0
L 3.1055145 2.5413389 3.2000029 2.5413392 2 P 0
L 3.1133886 2.6141729 3.1133889 2.7086611 2 P 0
L 3.1133887 2.7440952 3.113389 2.8385825 2 P 0
L 3.120078 1.885826 3.120078 1.992126 3 P 0
L 3.1212625 2.5915361 3.1212625 2.729332 3 P 0
L 3.1212625 2.5915361 3.2866167 2.5915358 3 P 0
L 3.1212625 2.729332 3.2866166 2.7293316 3 P 0
L 3.1291364 2.7440948 3.1291365 2.8385835 2 P 0
L 3.1291364 2.7440948 3.1724436 2.7440945 2 P 0
L 3.1291365 2.8385835 3.1724437 2.8385826 2 P 0
L 3.130314 1.885826 3.130316 1.992126 3 P 0
L 3.130314 1.885826 3.18937 1.885826 3 P 0
L 3.130316 1.992126 3.18937 1.992126 3 P 0
L 3.1320897 2.7913388 3.1694907 2.7913384 2 P 0
L 3.1340586 2.5629922 3.1714588 2.5629924 2 P 0
L 3.141142 1.938976 3.178544 1.938976 2 P 0
L 3.1507891 2.7726371 3.1507899 2.8100399 2 P 0
L 3.152758 2.5442915 3.1527589 2.5816936 2 P 0
L 3.159842 1.920276 3.159842 1.957678 2 P 0
L 3.1692914 1.4566929 3.2086614 1.4566929 1 P 0
L 3.1724436 2.7440945 3.1724437 2.8385826 2 P 0
L 3.1842536 2.6604334 3.2236245 2.6604333 2 P 0
L 3.1889764 1.4370079 3.1889764 1.4763779 1 P 0
L 3.18937 1.885826 3.18937 1.992126 3 P 0
L 3.198818 1.885826 3.19882 1.992126 3 P 0
L 3.198818 1.885826 3.257874 1.885826 3 P 0
L 3.19882 1.992126 3.257874 1.992126 3 P 0
L 3.2000026 2.5846461 3.2000029 2.5413392 2 P 0
L 3.2039397 2.6801193 3.2039398 2.6407479 2 P 0
L 3.209646 1.938976 3.247048 1.938976 2 P 0
L 3.2098452 2.5846463 3.2098454 2.5413394 2 P 0
L 3.2098452 2.5846463 3.3043325 2.5846459 2 P 0
L 3.2098454 2.5413394 3.3043335 2.5413386 2 P 0
L 3.228346 1.920276 3.228346 1.957678 2 P 0
L 3.2383881 2.5629932 3.27579 2.5629918 2 P 0
L 3.257089 2.5442916 3.2570893 2.581693 2 P 0
L 3.257874 1.885826 3.257874 1.992126 3 P 0
L 3.267834 1.885826 3.267834 1.992126 3 P 0
L 3.267834 1.885826 3.32689 1.885826 3 P 0
L 3.267834 1.992126 3.32689 1.992126 3 P 0
L 3.278662 1.938976 3.316064 1.938976 2 P 0
L 3.2866166 2.7293316 3.2866167 2.5915358 3 P 0
L 3.297362 1.920276 3.297362 1.957678 2 P 0
L 3.3043325 2.5846459 3.3043335 2.5413386 2 P 0
L 3.32689 1.885826 3.32689 1.992126 3 P 0
L 3.336614 1.879922 3.336614 2.037402 1 P 0
L 3.336614 1.879922 3.543308 1.879922 1 P 0
L 3.336614 2.037402 3.543308 2.037402 1 P 0
L 3.407482 2.058858 3.407482 2.366338 3 P 0
L 3.415354 1.958662 3.454724 1.958662 1 P 0
L 3.43504 1.938976 3.43504 1.978346 1 P 0
L 3.4527559 1.3031496 3.4527559 1.5708661 1 P 0
L 3.543308 1.879922 3.543308 2.037402 1 P 0
